Character 1 1 1 1 1 1 1 1 1 1 2 2 2 2 2
2222233333 3
1 234567890 1 23 4 5 6 7 89 0 1 234 5678901234 5
Taxa
Poebrotherium
0 000000000 0 00 0 0 0 0 00 0 0 000 0000000000 0
Pleiolama
0 010002001 1 00 0 0 AA00 0 0 000
?????
111?? ?
Camelops
0 010002101 1 00 1 1 1 1 01 0 1 110 1010011101 1
Alforjas
0 010001101 1 00 0 0 1 1 00 0 1 110 1?11?11101 1
H. paradoxa
0 110002101 1 00 1 1 1 1 00 0 1 111 111111111A0
H. macrocephala
0 110002101 1 00 AA1 1 00 0 A100 1111111111 0
H. blancoensis
? ???00?00? ? 00? 0? 1?10010A??????11?? 1
H. gracilis
? ????0?10? ? ?? ? ? 11?101101?????1?1?00
H. edensis
? ???00?00? ? 00? 1111A0A101??0????1?? 0
P. weddelli
? ???002001 1 00 1 1 1 1 ?0 1 0 100 0000011101 1
P. major
? ???002001 1 00 1 1 1 1 00 A0 000 0010011101 1
P. mirifica
? ???002001 1 00 1 1 1 1 00 1 0 000 0010011101 1
Lama guanicoe
1 110102101 1 00 1 1 1 1 11 0 1 111 0010000001 1
Lama castelnaudi
? ???10210? ? 00 1 1 1 1 11 0 1 111 1011100000 0
V. vicugna
1 110102101 1 10 1 1 1 1 11 0 1 111 0100100000 0
V. provicugna
? ???10210? ? 10 1 1 1 1 11 0 1 111 ??1??000?0 0
Procamelus
0 000001001 A00 0 0 0 0 00 0 1 100 ??1??111?? 1
Gigantocamelus
1 10000?011 1 01 0 0 1 1 00 0 0 000 ??1??111?? ?
Megacamelus
A100001011 1 01 0 0 1 1 00 0 0 000 1110111101 1
Aepycamelus
0 01?00?00AA0A0 0 AA00 0 0 001 ??1??111?? ?
Megatylopus
0 100001011 1 01 0 0 1 A00 0 1 000 ??1??111?? 1
Camelus
1 101001011 1 01 0 0 1 1 01 0 1 010 0001111101 1
Protolabis
0 00001000AA00 0 0 0 A00 0 0 000 ??0??00000 0
Tanymykter
0 000010000 0 00 0 0 0 0 00 0 0 000 0?0??00000 0
Michenia
0 000010100 0 00 0 0 0 A00 0 0 000 ?00?100000 0