0 1 2 3 4 5 6 7 8 9 10 11 12 13 14 15 16 17 18 19 20 21 22
P. australis 0 0 - 0 - 0 0 0 - 2 0 0 0 0 0 0 1 0 0 0 0 0 0
N. pseudornatus 1 2 0 ? 0 1 0 0 0 0 0 0 0 1 0 1 0 0 1 1 0 0 1
N. ornatus 1 1 1 1 1 1 0 0 1 0 0 0 0 1 0 1 0 0 1 1 0 0 1
N. gouldi 1 1 1 2 1 0 1 1 1 0 0 0 0 1 ? ? ? ? ? ? ? ? ?
N. paskoensis 1 1 1 2 1 0 1 1 1 0 0 0 0 1 0 1 0 0 1 1 0 0 1
G. reticulatus 0 0 - 0 - 0 0 0 - 2 0 0 1 0 1 0 0 1 0 0 0 1 0
D. clavicaudatus 0 0 - 0 - 0 0 0 - 2 0 0 0 0 0 0 2 1 1 3 0 0 1
P. figuratus 0 0 - 0 - 0 0 0 - 2 0 0 0 0 0 0 1 1 1 1 0 0 1
P. intermedius 0 0 - 0 - 0 0 0 - 1 1 1 0 0 0 0 1 0 1 2 1 0 1
H. euphractus 0 0 - 0 - 0 0 0 - 1 1 1 0 0 0 0 0 0 1 2 1 0 1
Glyptotherium 0 0 - 0 - 0 0 0 - 2 0 0 1 0 1 0 0 1 0 0 0 1 0
N. castellanosi 1 2 0 0 0 1 0 0 0 0 0 0 0 ? ? ? 0 ? ? ? 0 ? ?
C. muricatus 0 0 - 0 - 0 0 0 - 2 0 0 0 0 0 0 0 1 1 0 0 0 0